MEME version 4

ALPHABET= ACGT

strands: + -

Background letter frequencies (from uniform background):
A 0.25000 C 0.25000 G 0.25000 T 0.25000 

MOTIF MAL63_136 

letter-probability matrix: alength= 4 w= 15 nsites= 20 E= 0
  0.000000	  0.000000	       NaN	       NaN	
       NaN	       NaN	  0.000000	       NaN	
       NaN	  0.000000	       NaN	       NaN	
  0.334788	  0.165212	  0.165212	  0.334788	
  0.334788	  0.165212	  0.165212	  0.334788	
  0.334788	  0.165212	  0.165212	  0.334788	
  0.334788	  0.165212	  0.165212	  0.334788	
  0.334788	  0.165212	  0.165212	  0.334788	
  0.334788	  0.165212	  0.165212	  0.334788	
  0.334788	  0.165212	  0.165212	  0.334788	
  0.334788	  0.165212	  0.165212	  0.334788	
  0.334788	  0.165212	  0.165212	  0.334788	
  0.000000	  0.000000	       NaN	       NaN	
       NaN	       NaN	  0.000000	       NaN	
  0.469279	  0.013979	  0.047464	  0.469279	

MOTIF MATA1-MATALPHA2-dimer_1436 

letter-probability matrix: alength= 4 w= 20 nsites= 20 E= 0
  0.744575	  0.135172	  0.075308	  0.044946	
  0.000000	  0.000000	       NaN	  0.000000	
  0.037247	  0.304500	  0.041210	  0.617043	
  0.000000	  0.000000	       NaN	  0.000000	
       NaN	       NaN	  0.000000	  0.000000	
       NaN	  0.000000	       NaN	  0.000000	
  0.164432	  0.304343	  0.304343	  0.226881	
  0.117181	  0.282143	  0.282143	  0.318532	
  0.000000	       NaN	       NaN	  0.000000	
  0.118453	  0.122146	  0.595962	  0.163440	
  0.000000	  0.000000	       NaN	  0.000000	
  0.349918	  0.309945	  0.172678	  0.167458	
  0.515027	  0.093499	  0.254157	  0.137317	
  0.000000	  0.000000	       NaN	  0.000000	
  0.000000	       NaN	  0.000000	  0.000000	
       NaN	  0.000000	       NaN	       NaN	
  0.000000	       NaN	       NaN	       NaN	
       NaN	       NaN	       NaN	  0.000000	
       NaN	  0.000000	       NaN	       NaN	
  0.000000	  0.000000	  0.000000	       NaN	

MOTIF MATALPHA1-MCM1-dimer_1442 

letter-probability matrix: alength= 4 w= 26 nsites= 20 E= 0
  0.607948	  0.300012	  0.022621	  0.069419	
       NaN	  0.000000	  0.000000	  0.000000	
  0.000000	  0.000000	       NaN	  0.000000	
  0.000000	       NaN	  0.000000	       NaN	
       NaN	       NaN	       NaN	  0.000000	
       NaN	       NaN	       NaN	  0.000000	
       NaN	       NaN	  0.000000	       NaN	
  0.000000	       NaN	  0.000000	  0.000000	
  0.000000	       NaN	  0.000000	  0.000000	
  0.000000	  0.000000	  0.000000	       NaN	
  0.431151	  0.212765	  0.043607	  0.312477	
  0.000000	  0.000000	       NaN	       NaN	
       NaN	  0.000000	       NaN	       NaN	
  0.000000	  0.000000	       NaN	  0.000000	
  0.000000	       NaN	  0.000000	  0.000000	
  0.000000	       NaN	       NaN	       NaN	
  0.000000	       NaN	       NaN	  0.000000	
  0.000000	       NaN	  0.000000	  0.000000	
  0.000000	       NaN	       NaN	       NaN	
  0.000000	       NaN	  0.000000	       NaN	
       NaN	       NaN	  0.000000	       NaN	
  0.000000	       NaN	  0.000000	  0.000000	
  0.000000	       NaN	       NaN	       NaN	
  0.000000	       NaN	  0.000000	       NaN	
  0.461834	  0.227907	  0.052958	  0.257300	
  0.000000	       NaN	  0.000000	  0.000000	

MOTIF TBP-TFIIA-TFIIB_1330 

letter-probability matrix: alength= 4 w= 20 nsites= 20 E= 0
  0.669571	  0.330421	  0.000001	  0.000007	
  0.000004	  0.000005	  0.000090	  0.999900	
  0.000001	  0.000060	  0.330403	  0.669535	
  0.000113	  0.330386	  0.000001	  0.669500	
  0.000041	  0.330410	  0.000001	  0.669548	
  0.000017	  0.999637	  0.000005	  0.000341	
  0.000017	  0.999852	  0.000006	  0.000125	
  0.703666	  0.050909	  0.100488	  0.144938	
  0.669571	  0.330421	  0.000001	  0.000006	
  0.000035	  0.000003	  0.000007	  0.999956	
  0.000113	  0.000001	  0.330386	  0.669500	
  0.999954	  0.000009	  0.000033	  0.000004	
  0.000008	  0.999892	  0.000067	  0.000034	
  0.000021	  0.999789	  0.000182	  0.000008	
  0.000003	  0.330422	  0.000003	  0.669572	
  0.000008	  0.000014	  0.999638	  0.000341	
  0.028942	  0.625798	  0.230218	  0.115042	
  0.069649	  0.747848	  0.045024	  0.137479	
  0.669571	  0.330421	  0.000001	  0.000007	
  0.000026	  0.999629	  0.000004	  0.000341	

MOTIF TBP-TFIIA_1328 

letter-probability matrix: alength= 4 w= 16 nsites= 20 E= 0
  0.000005	  0.499965	  0.499965	  0.000064	
  0.000128	  0.999737	  0.000008	  0.000128	
  0.000128	  0.999737	  0.000008	  0.000128	
  0.000071	  0.999574	  0.000008	  0.000348	
  0.000023	  0.000002	  0.330415	  0.669559	
  0.999939	  0.000032	  0.000005	  0.000023	
  0.669568	  0.000004	  0.330420	  0.000009	
  0.669498	  0.000002	  0.330385	  0.000115	
  0.999737	  0.000003	  0.000088	  0.000172	
  0.999846	  0.000003	  0.000088	  0.000063	
  0.328394	  0.168670	  0.458493	  0.044443	
  0.503279	  0.248359	  0.248359	  0.000002	
  0.000071	  0.000008	  0.999574	  0.000348	
  0.000004	  0.000022	  0.330415	  0.669559	
  0.000016	  0.330418	  0.000002	  0.669564	
  0.669498	  0.330385	  0.000002	  0.000115	

MOTIF TBP-TFIIB_1329 

letter-probability matrix: alength= 4 w= 21 nsites= 20 E= 0
  0.401045	  0.000002	  0.197908	  0.401045	
  0.503278	  0.248359	  0.248359	  0.000005	
  0.669497	  0.330385	  0.000005	  0.000114	
  0.000009	  0.330401	  0.000061	  0.669530	
  0.000005	  0.248359	  0.248359	  0.503278	
  0.000114	  0.330385	  0.000005	  0.669497	
  0.401045	  0.197908	  0.000002	  0.401045	
  0.000114	  0.330385	  0.000005	  0.669497	
  0.401045	  0.197908	  0.000002	  0.401045	
  0.000170	  0.000019	  0.000019	  0.999793	
  0.000114	  0.330385	  0.000005	  0.669497	
  0.499992	  0.000006	  0.000009	  0.499992	
  0.000114	  0.000005	  0.330385	  0.669497	
  0.503278	  0.248359	  0.248359	  0.000005	
  0.000005	  0.248359	  0.248359	  0.503278	
  0.503278	  0.248359	  0.248359	  0.000005	
  0.000005	  0.248359	  0.248359	  0.503278	
  0.000005	  0.248359	  0.248359	  0.503278	
  0.000005	  0.248359	  0.248359	  0.503278	
  0.000005	  0.248359	  0.248359	  0.503278	
  0.499976	  0.000045	  0.000003	  0.499976	

MOTIF YAL051W_2060 

letter-probability matrix: alength= 4 w= 24 nsites= 20 E= 0
  0.511635	  0.252482	  0.105306	  0.130577	
  0.586241	  0.003888	  0.108328	  0.301544	
  0.272286	  0.260746	  0.006468	  0.460500	
  0.659408	  0.023530	  0.004151	  0.312910	
  0.316574	  0.220783	  0.266875	  0.195768	
  0.312091	  0.047654	  0.037947	  0.602308	
  0.365838	  0.073402	  0.227591	  0.333169	
  0.408409	  0.184887	  0.128019	  0.278685	
  0.551165	  0.053063	  0.050394	  0.345378	
  0.143216	  0.240706	  0.043409	  0.572669	
  0.248052	  0.063176	  0.167453	  0.521320	
  0.143254	  0.104655	  0.028414	  0.723677	
  0.063938	  0.323404	  0.116629	  0.496029	
  0.320444	  0.149481	  0.033977	  0.496097	
  0.063811	  0.184535	  0.156954	  0.594700	
  0.180847	  0.165170	  0.168288	  0.485695	
  0.417056	  0.149161	  0.086548	  0.347234	
  0.332003	  0.281858	  0.049312	  0.336827	
  0.310756	  0.057227	  0.111618	  0.520399	
  0.370810	  0.164079	  0.057912	  0.407199	
  0.243642	  0.014609	  0.026721	  0.715028	
  0.534297	  0.023518	  0.062876	  0.379308	
  0.167856	  0.011371	  0.001785	  0.818988	
  0.189806	  0.243990	  0.220089	  0.346116	

MOTIF YBL005W_1387 

letter-probability matrix: alength= 4 w= 6 nsites= 20 E= 0
  0.249068	  0.069706	  0.137631	  0.543595	
  0.153846	  0.077695	  0.048709	  0.719749	
  0.997632	  0.000023	  0.000676	  0.001669	
  0.496593	  0.006803	  0.000012	  0.496593	
  0.001473	  0.329932	  0.000016	  0.668580	
  0.031322	  0.177433	  0.225605	  0.565640	

MOTIF YBL005W_2062 

letter-probability matrix: alength= 4 w= 8 nsites= 20 E= 0
  0.255362	  0.380073	  0.320089	  0.044476	
  0.070894	  0.002471	  0.102034	  0.824601	
  0.271126	  0.079977	  0.567420	  0.081476	
  0.413398	  0.243986	  0.004707	  0.337909	
  0.612536	  0.002948	  0.127053	  0.257463	
  0.873694	  0.043327	  0.003107	  0.079871	
  0.437110	  0.185288	  0.002130	  0.375472	
  0.180732	  0.208251	  0.082496	  0.528520	

MOTIF YBL054W_852 

letter-probability matrix: alength= 4 w= 21 nsites= 20 E= 0
  0.198674	  0.101118	  0.299853	  0.400354	
  0.250542	  0.285563	  0.210789	  0.253106	
  0.117641	  0.397717	  0.104628	  0.380013	
  0.149718	  0.438097	  0.111896	  0.300289	
  0.519727	  0.057186	  0.081282	  0.341805	
  0.907735	  0.021129	  0.003442	  0.067694	
  0.225748	  0.002218	  0.513959	  0.258075	
  0.010797	  0.180422	  0.000017	  0.808763	
  0.000053	  0.007940	  0.439973	  0.552034	
  0.011506	  0.212568	  0.775879	  0.000047	
  0.247587	  0.231990	  0.000038	  0.520385	
  0.000160	  0.005886	  0.011156	  0.982799	
  0.973860	  0.000504	  0.000067	  0.025569	
  0.351193	  0.020387	  0.023385	  0.605035	
  0.158934	  0.230048	  0.581211	  0.029806	
  0.227300	  0.340195	  0.079373	  0.353132	
  0.249106	  0.156283	  0.429086	  0.165525	
  0.359624	  0.202852	  0.104472	  0.333051	
  0.170277	  0.052377	  0.086285	  0.691061	
  0.220846	  0.070466	  0.155866	  0.552822	
  0.369082	  0.196665	  0.242583	  0.191671	

MOTIF YBL103C_1445 

letter-probability matrix: alength= 4 w= 11 nsites= 20 E= 0
  0.224326	  0.314672	  0.084408	  0.376594	
  0.007849	  0.036381	  0.011396	  0.944373	
  0.288282	  0.218384	  0.414351	  0.078983	
  0.403916	  0.099464	  0.005285	  0.491335	
  0.011331	  0.052530	  0.177806	  0.758333	
  0.054876	  0.479756	  0.000115	  0.465253	
  0.472706	  0.398719	  0.118040	  0.010535	
  0.150708	  0.010365	  0.042668	  0.796259	
  0.004887	  0.211196	  0.219052	  0.564865	
  0.467628	  0.089392	  0.383581	  0.059399	
  0.269992	  0.116631	  0.146395	  0.466983	

MOTIF YBL103C_1446 

letter-probability matrix: alength= 4 w= 8 nsites= 20 E= 0
  0.352490	  0.018792	  0.033192	  0.595526	
  0.385491	  0.167585	  0.011040	  0.435884	
  0.780956	  0.041149	  0.001945	  0.175949	
  0.718980	  0.057975	  0.207790	  0.015255	
  0.149428	  0.002110	  0.054793	  0.793669	
  0.016023	  0.078565	  0.192447	  0.712965	
  0.552837	  0.003352	  0.088660	  0.355152	
  0.330257	  0.153872	  0.140241	  0.375630	

MOTIF YBL103C_870 

letter-probability matrix: alength= 4 w= 20 nsites= 20 E= 0
  0.260424	  0.419307	  0.064493	  0.255775	
  0.036288	  0.817560	  0.082607	  0.063545	
  0.499364	  0.111883	  0.136779	  0.251974	
  0.369061	  0.115541	  0.377074	  0.138323	
  0.093819	  0.153050	  0.090377	  0.662754	
  0.151150	  0.246359	  0.083290	  0.519201	
  0.580256	  0.387454	  0.003944	  0.028346	
  0.176041	  0.000326	  0.089647	  0.733986	
  0.000573	  0.432632	  0.009093	  0.557701	
  0.823113	  0.000266	  0.089841	  0.086780	
  0.086780	  0.089841	  0.000266	  0.823113	
  0.557701	  0.009093	  0.432632	  0.000573	
  0.733986	  0.089647	  0.000326	  0.176041	
  0.028346	  0.003944	  0.387454	  0.580256	
  0.455370	  0.142178	  0.330927	  0.071526	
  0.093463	  0.115614	  0.328784	  0.462138	
  0.161634	  0.107311	  0.226408	  0.504647	
  0.666991	  0.135767	  0.071826	  0.125416	
  0.177254	  0.136307	  0.321303	  0.365136	
  0.570337	  0.073369	  0.240514	  0.115780	

MOTIF YBR033W_2093 

letter-probability matrix: alength= 4 w= 11 nsites= 20 E= 0
  0.261951	  0.024913	  0.457771	  0.255365	
  0.369844	  0.004851	  0.261048	  0.364257	
  0.241123	  0.113550	  0.000140	  0.645187	
  0.278424	  0.029200	  0.000174	  0.692202	
  0.000350	  0.473582	  0.038942	  0.487126	
  0.003101	  0.607384	  0.382625	  0.006890	
  0.025259	  0.041326	  0.455222	  0.478192	
  0.000521	  0.623164	  0.314993	  0.061322	
  0.000894	  0.634786	  0.361533	  0.002787	
  0.089359	  0.006141	  0.891380	  0.013121	
  0.261817	  0.055399	  0.650377	  0.032407	

MOTIF YBR049C_907 

letter-probability matrix: alength= 4 w= 13 nsites= 20 E= 0
  0.263287	  0.096825	  0.399180	  0.240709	
  0.114357	  0.117922	  0.431187	  0.336535	
  0.111819	  0.366678	  0.063492	  0.458011	
  0.358073	  0.540920	  0.039698	  0.061309	
  0.426088	  0.019802	  0.095081	  0.459030	
  0.012353	  0.000141	  0.499098	  0.488408	
  0.330890	  0.338133	  0.000087	  0.330890	
  0.330890	  0.338133	  0.000087	  0.330890	
  0.330890	  0.338133	  0.000087	  0.330890	
  0.328482	  0.335672	  0.335672	  0.000174	
  0.000174	  0.335672	  0.335672	  0.328482	
  0.000174	  0.335672	  0.335672	  0.328482	
  0.922016	  0.005108	  0.057374	  0.015502	

MOTIF YBR066C_1383 

letter-probability matrix: alength= 4 w= 8 nsites= 20 E= 0
  0.077029	  0.039321	  0.680733	  0.202917	
  0.000047	  0.002924	  0.000256	  0.996773	
  0.755154	  0.225549	  0.000018	  0.019280	
  0.401042	  0.197907	  0.000009	  0.401042	
  0.153290	  0.279769	  0.000013	  0.566928	
  0.176563	  0.450136	  0.340070	  0.033232	
  0.000841	  0.000047	  0.998727	  0.000385	
  0.999891	  0.000020	  0.000023	  0.000065	

MOTIF YBR083W_815 

letter-probability matrix: alength= 4 w= 20 nsites= 20 E= 0
  0.552889	  0.149654	  0.136254	  0.161203	
  0.240528	  0.234443	  0.152736	  0.372292	
  0.566758	  0.178870	  0.090031	  0.164341	
  0.176658	  0.200022	  0.096610	  0.526710	
  0.273766	  0.328511	  0.268177	  0.129546	
  0.442535	  0.026001	  0.154215	  0.377249	
  0.001580	  0.191095	  0.001338	  0.805987	
  0.000228	  0.044067	  0.000121	  0.955584	
  0.006342	  0.005769	  0.000005	  0.987884	
  0.000027	  0.117372	  0.880695	  0.001906	
  0.000040	  0.549522	  0.431404	  0.019034	
  0.375842	  0.002021	  0.622103	  0.000034	
  0.896363	  0.102214	  0.000020	  0.001403	
  0.639348	  0.003905	  0.355360	  0.001387	
  0.252903	  0.559846	  0.116002	  0.071248	
  0.312562	  0.168140	  0.054955	  0.464342	
  0.270725	  0.219220	  0.087845	  0.422209	
  0.379559	  0.270535	  0.203349	  0.146557	
  0.343140	  0.348338	  0.137320	  0.171202	
  0.260999	  0.381828	  0.113402	  0.243772	

MOTIF YBR089C-A_792 

letter-probability matrix: alength= 4 w= 20 nsites= 20 E= 0
  0.367284	  0.086322	  0.434211	  0.112183	
  0.402693	  0.188372	  0.199333	  0.209602	
  0.405461	  0.274291	  0.277772	  0.042476	
  0.123056	  0.142198	  0.590051	  0.144695	
  0.365364	  0.089995	  0.402853	  0.141787	
  0.501055	  0.087687	  0.276416	  0.134842	
  0.030977	  0.185146	  0.762550	  0.021327	
  0.036945	  0.267497	  0.590098	  0.105459	
  0.056572	  0.109266	  0.827556	  0.006606	
  0.010877	  0.546013	  0.194505	  0.248605	
  0.248605	  0.194505	  0.546013	  0.010877	
  0.006606	  0.827556	  0.109266	  0.056572	
  0.105459	  0.590098	  0.267497	  0.036945	
  0.021327	  0.762550	  0.185146	  0.030977	
  0.092854	  0.437193	  0.312812	  0.157141	
  0.130354	  0.390759	  0.365040	  0.113847	
  0.065515	  0.381460	  0.051751	  0.501274	
  0.407135	  0.281978	  0.112759	  0.198128	
  0.230820	  0.400855	  0.089875	  0.278450	
  0.261166	  0.150975	  0.154931	  0.432928	

MOTIF YBR150C_2179 

letter-probability matrix: alength= 4 w= 10 nsites= 20 E= 0
  0.384556	  0.123102	  0.187053	  0.305289	
  0.431244	  0.166525	  0.088266	  0.313965	
  0.474136	  0.135233	  0.064795	  0.325836	
  0.194644	  0.300255	  0.209340	  0.295761	
  0.479106	  0.216825	  0.201735	  0.102334	
  0.888457	  0.000004	  0.075424	  0.036115	
  0.503198	  0.000003	  0.000808	  0.495991	
  0.006857	  0.967183	  0.000103	  0.025857	
  0.474996	  0.063066	  0.231044	  0.230894	
  0.328108	  0.179121	  0.155057	  0.337713	

MOTIF YBR150C_552 

letter-probability matrix: alength= 4 w= 8 nsites= 20 E= 0
  0.163868	  0.005184	  0.274565	  0.556383	
  0.400363	  0.197572	  0.001701	  0.400363	
  0.400813	  0.197794	  0.000579	  0.400813	
  0.020703	  0.243218	  0.243218	  0.492861	
  0.331736	  0.293840	  0.293840	  0.080584	
       NaN	  0.000000	       NaN	       NaN	
       NaN	  0.000000	       NaN	       NaN	
  0.397739	  0.196277	  0.008245	  0.397739	

MOTIF YBR182C_864 

letter-probability matrix: alength= 4 w= 21 nsites= 20 E= 0
  0.313605	  0.187128	  0.281031	  0.218236	
  0.475707	  0.181878	  0.072323	  0.270093	
  0.601153	  0.032142	  0.061691	  0.305013	
  0.187355	  0.377355	  0.363831	  0.071460	
  0.250083	  0.128632	  0.126254	  0.495031	
  0.150610	  0.308123	  0.132892	  0.408376	
  0.412988	  0.170617	  0.374616	  0.041779	
  0.044185	  0.334935	  0.588171	  0.032709	
  0.288318	  0.040176	  0.652196	  0.019310	
  0.016254	  0.106357	  0.450721	  0.426668	
  0.003621	  0.463165	  0.448329	  0.084886	
  0.084886	  0.448329	  0.463165	  0.003621	
  0.426668	  0.450721	  0.106357	  0.016254	
  0.019310	  0.652196	  0.040176	  0.288318	
  0.155236	  0.395652	  0.324953	  0.124159	
  0.041779	  0.374616	  0.170617	  0.412988	
  0.226697	  0.585414	  0.014246	  0.173643	
  0.189536	  0.132595	  0.021816	  0.656052	
  0.294722	  0.243766	  0.398088	  0.063424	
  0.182922	  0.137603	  0.226286	  0.453189	
  0.102999	  0.113113	  0.107058	  0.676830	

MOTIF YBR239C_2188 

letter-probability matrix: alength= 4 w= 10 nsites= 20 E= 0
  0.371845	  0.135537	  0.170728	  0.321889	
  0.204474	  0.219912	  0.142654	  0.432959	
  0.442100	  0.113984	  0.263175	  0.180741	
  0.145250	  0.003270	  0.054493	  0.796986	
  0.001279	  0.023930	  0.000003	  0.974788	
  0.002259	  0.813710	  0.000023	  0.184008	
  0.010927	  0.479021	  0.044958	  0.465094	
  0.040152	  0.386974	  0.056802	  0.516072	
  0.409221	  0.099590	  0.233284	  0.257905	
  0.307061	  0.172538	  0.160531	  0.359870	

MOTIF YBR240C_1449 

letter-probability matrix: alength= 4 w= 20 nsites= 20 E= 0
  0.100938	  0.456348	  0.123854	  0.318860	
  0.088303	  0.001042	  0.083645	  0.827010	
  0.315170	  0.258218	  0.009953	  0.416658	
  0.452322	  0.317220	  0.007946	  0.222513	
  0.325645	  0.123533	  0.209534	  0.341289	
  0.274785	  0.200498	  0.045761	  0.478956	
  0.534988	  0.106402	  0.206137	  0.152473	
  0.410130	  0.110152	  0.157247	  0.322470	
  0.141727	  0.028621	  0.170444	  0.659208	
  0.078346	  0.134976	  0.112967	  0.673711	
  0.154950	  0.126183	  0.189374	  0.529493	
  0.145143	  0.221375	  0.184885	  0.448597	
  0.102052	  0.078679	  0.156517	  0.662752	
  0.180328	  0.118191	  0.150903	  0.550578	
  0.116643	  0.286340	  0.159528	  0.437488	
  0.498910	  0.076035	  0.243986	  0.181069	
  0.175560	  0.014907	  0.132256	  0.677277	
  0.435368	  0.025818	  0.170129	  0.368685	
  0.249707	  0.557734	  0.011981	  0.180578	
  0.438820	  0.064747	  0.103092	  0.393341	

MOTIF YBR267W_489 

letter-probability matrix: alength= 4 w= 7 nsites= 20 E= 0
  0.435805	  0.097752	  0.412817	  0.053626	
  0.000000	  0.000000	       NaN	       NaN	
  0.000000	       NaN	       NaN	       NaN	
       NaN	       NaN	  0.000000	       NaN	
       NaN	       NaN	  0.000000	       NaN	
       NaN	       NaN	  0.000000	  0.000000	
  0.000000	       NaN	  0.000000	       NaN	

MOTIF YCL055W_127 

letter-probability matrix: alength= 4 w= 16 nsites= 20 E= 0
  0.000000	       NaN	  0.000000	       NaN	
  0.000000	  0.000000	       NaN	       NaN	
  0.172205	  0.128696	  0.230999	  0.468100	
  0.100284	  0.185614	  0.504550	  0.209552	
  0.000000	  0.000000	  0.000000	       NaN	
  0.000000	       NaN	       NaN	       NaN	
  0.000000	       NaN	       NaN	       NaN	
  0.000000	       NaN	       NaN	       NaN	
  0.052416	  0.126204	  0.126204	  0.695177	
  0.100284	  0.504550	  0.185614	  0.209552	
       NaN	  0.000000	       NaN	       NaN	
  0.000000	  0.000000	       NaN	  0.000000	
       NaN	  0.000000	  0.000000	       NaN	
  0.728394	  0.073671	  0.048646	  0.149288	
       NaN	  0.000000	       NaN	  0.000000	
       NaN	       NaN	       NaN	  0.000000	

MOTIF YCL058C_1417 

letter-probability matrix: alength= 4 w= 20 nsites= 20 E= 0
       NaN	       NaN	       NaN	  0.000000	
       NaN	       NaN	  0.000000	       NaN	
       NaN	       NaN	       NaN	  0.000000	
  0.334788	  0.165212	  0.165212	  0.334788	
  0.334788	  0.165212	  0.165212	  0.334788	
  0.334788	  0.165212	  0.165212	  0.334788	
  0.334788	  0.165212	  0.165212	  0.334788	
  0.334788	  0.165212	  0.165212	  0.334788	
  0.334788	  0.165212	  0.165212	  0.334788	
  0.334788	  0.165212	  0.165212	  0.334788	
  0.334788	  0.165212	  0.165212	  0.334788	
  0.334788	  0.165212	  0.165212	  0.334788	
  0.334788	  0.165212	  0.165212	  0.334788	
  0.334788	  0.165212	  0.165212	  0.334788	
  0.334788	  0.165212	  0.165212	  0.334788	
  0.334788	  0.165212	  0.165212	  0.334788	
  0.000000	       NaN	       NaN	       NaN	
       NaN	       NaN	       NaN	  0.000000	
  0.000000	       NaN	       NaN	       NaN	
       NaN	       NaN	       NaN	  0.000000	

MOTIF YCL067C_2079 

letter-probability matrix: alength= 4 w= 8 nsites= 20 E= 0
  0.001491	  0.129474	  0.866048	  0.002987	
  0.059077	  0.202589	  0.737570	  0.000764	
  0.025710	  0.523978	  0.450090	  0.000222	
  0.000068	  0.611652	  0.029960	  0.358319	
  0.065085	  0.000024	  0.835612	  0.099279	
  0.000055	  0.877160	  0.001462	  0.121323	
  0.026331	  0.000115	  0.972985	  0.000570	
  0.000877	  0.245530	  0.000096	  0.753497	

MOTIF YCL067C_2102 

letter-probability matrix: alength= 4 w= 8 nsites= 20 E= 0
  0.304536	  0.182274	  0.490706	  0.022483	
  0.700230	  0.002593	  0.234136	  0.063041	
  0.004356	  0.854977	  0.010323	  0.130344	
  0.001661	  0.392523	  0.076155	  0.529661	
  0.296340	  0.000444	  0.166815	  0.536401	
  0.001286	  0.689988	  0.060609	  0.248118	
  0.296501	  0.065895	  0.624829	  0.012774	
  0.155743	  0.211759	  0.002284	  0.630214	

MOTIF YCR018C_2232 

letter-probability matrix: alength= 4 w= 10 nsites= 20 E= 0
  0.328570	  0.232562	  0.128722	  0.310146	
  0.437028	  0.137895	  0.256429	  0.168649	
  0.417050	  0.227677	  0.028930	  0.326343	
  0.622980	  0.205263	  0.101227	  0.070530	
  0.000299	  0.755868	  0.228247	  0.015586	
  0.006239	  0.987695	  0.000091	  0.005975	
  0.000530	  0.007996	  0.989792	  0.001682	
  0.045291	  0.800090	  0.154478	  0.000141	
  0.440765	  0.015745	  0.316507	  0.226983	
  0.624933	  0.050806	  0.221308	  0.102953	

MOTIF YCR039C_1364 

letter-probability matrix: alength= 4 w= 6 nsites= 20 E= 0
  0.058140	  0.832572	  0.049265	  0.060023	
  0.003078	  0.000047	  0.996285	  0.000590	
  0.000047	  0.006879	  0.000043	  0.993031	
  0.213027	  0.010784	  0.774435	  0.001754	
  0.001546	  0.919438	  0.000043	  0.078972	
  0.001228	  0.038789	  0.959891	  0.000091	

MOTIF YCR040W_1418 

letter-probability matrix: alength= 4 w= 22 nsites= 20 E= 0
  0.456221	  0.225137	  0.225137	  0.093505	
       NaN	       NaN	       NaN	  0.000000	
       NaN	       NaN	       NaN	  0.000000	
       NaN	  0.000000	       NaN	       NaN	
  0.385412	  0.038981	  0.190194	  0.385412	
       NaN	       NaN	       NaN	  0.000000	
  0.093505	  0.225137	  0.225137	  0.456221	
  0.000000	       NaN	       NaN	       NaN	
       NaN	       NaN	       NaN	  0.000000	
       NaN	       NaN	       NaN	  0.000000	
  0.093505	  0.225137	  0.225137	  0.456221	
       NaN	       NaN	  0.000000	       NaN	
  0.456221	  0.225137	  0.225137	  0.093505	
  0.334788	  0.165212	  0.165212	  0.334788	
  0.385412	  0.038981	  0.190194	  0.385412	
  0.093505	  0.225137	  0.225137	  0.456221	
  0.456221	  0.225137	  0.225137	  0.093505	
       NaN	  0.000000	       NaN	       NaN	
  0.000000	       NaN	       NaN	       NaN	
  0.000000	       NaN	       NaN	       NaN	
       NaN	       NaN	       NaN	  0.000000	
  0.385412	  0.190194	  0.038981	  0.385412	

MOTIF YCR065W_570 

letter-probability matrix: alength= 4 w= 8 nsites= 20 E= 0
  0.048995	  0.128831	  0.068669	  0.753506	
  0.084192	  0.258408	  0.631026	  0.026375	
  0.000954	  0.001393	  0.371079	  0.626574	
  0.000000	  0.000000	       NaN	       NaN	
  0.000000	       NaN	       NaN	       NaN	
  0.503238	  0.000243	  0.489266	  0.007253	
  0.001486	  0.240981	  0.281770	  0.475763	
  0.058249	  0.168011	  0.322132	  0.451607	

MOTIF YCR096C_558 

letter-probability matrix: alength= 4 w= 8 nsites= 20 E= 0
  0.591944	  0.009542	  0.292114	  0.106400	
  0.000000	       NaN	  0.000000	       NaN	
  0.000000	       NaN	       NaN	  0.000000	
       NaN	       NaN	  0.000000	       NaN	
       NaN	       NaN	       NaN	  0.000000	
  0.000000	       NaN	       NaN	  0.000000	
  0.003347	  0.453280	  0.453280	  0.090094	
  0.083704	  0.421134	  0.421134	  0.074027	

MOTIF YCR106W_506 

letter-probability matrix: alength= 4 w= 7 nsites= 20 E= 0
  0.869705	  0.032360	  0.032360	  0.065575	
       NaN	  0.000000	  0.000000	       NaN	
       NaN	  0.000000	  0.000000	       NaN	
       NaN	  0.000000	  0.000000	       NaN	
       NaN	  0.000000	       NaN	       NaN	
       NaN	  0.000000	  0.000000	       NaN	
  0.061585	  0.309847	  0.000689	  0.627879	

MOTIF YDL002C_502 

letter-probability matrix: alength= 4 w= 8 nsites= 20 E= 0
  0.193767	  0.259923	  0.019598	  0.526712	
  0.398332	  0.006765	  0.196570	  0.398332	
       NaN	  0.000000	       NaN	       NaN	
       NaN	       NaN	  0.000000	       NaN	
       NaN	       NaN	  0.000000	       NaN	
       NaN	       NaN	  0.000000	       NaN	
       NaN	       NaN	  0.000000	       NaN	
  0.024992	  0.293594	  0.086471	  0.594944	

MOTIF YDL020C_1700 

letter-probability matrix: alength= 4 w= 12 nsites= 20 E= 0
  0.367375	  0.482514	  0.104048	  0.046063	
  0.001953	  0.372326	  0.625661	  0.000060	
  0.354074	  0.000053	  0.645811	  0.000062	
  0.660187	  0.325790	  0.000015	  0.014008	
  0.127170	  0.000014	  0.288121	  0.584696	
  0.026990	  0.000022	  0.002764	  0.970224	
  0.000094	  0.004744	  0.990136	  0.005026	
  0.004084	  0.000015	  0.329387	  0.666513	
  0.001645	  0.000047	  0.997931	  0.000377	
  0.392539	  0.123857	  0.101738	  0.381866	
  0.423811	  0.156014	  0.139875	  0.280300	
  0.250102	  0.129616	  0.116470	  0.503812	

MOTIF YDL048C_559 

letter-probability matrix: alength= 4 w= 9 nsites= 20 E= 0
  0.487767	  0.209078	  0.229309	  0.073846	
  0.001894	  0.000407	  0.000050	  0.997649	
  0.401040	  0.000013	  0.197906	  0.401040	
  0.401040	  0.197906	  0.000013	  0.401040	
  0.401040	  0.000013	  0.197906	  0.401040	
  0.503264	  0.248352	  0.248352	  0.000033	
  0.000033	  0.248352	  0.248352	  0.503264	
  0.810425	  0.068836	  0.053784	  0.066955	
  0.398470	  0.028619	  0.291778	  0.281133	

MOTIF YDL056W_2138 

letter-probability matrix: alength= 4 w= 10 nsites= 20 E= 0
  0.391089	  0.229474	  0.232809	  0.146629	
  0.350053	  0.227222	  0.214481	  0.208245	
  0.093804	  0.452325	  0.289214	  0.164657	
  0.558735	  0.000309	  0.003744	  0.437212	
  0.075218	  0.111116	  0.000574	  0.813091	
  0.405987	  0.001790	  0.582685	  0.009538	
  0.014445	  0.962193	  0.000110	  0.023252	
  0.424905	  0.189541	  0.288008	  0.097545	
  0.413484	  0.100628	  0.257027	  0.228861	
  0.398361	  0.143122	  0.172647	  0.285870	

MOTIF YDL106C_2154 

letter-probability matrix: alength= 4 w= 10 nsites= 20 E= 0
  0.196431	  0.387234	  0.208236	  0.208100	
  0.299211	  0.388186	  0.230930	  0.081673	
  0.042588	  0.763274	  0.129425	  0.064713	
  0.067400	  0.761302	  0.123623	  0.047675	
  0.000003	  0.056560	  0.001535	  0.941902	
  0.212825	  0.628380	  0.155047	  0.003747	
  0.187062	  0.737047	  0.065296	  0.010596	
  0.011909	  0.432798	  0.025972	  0.529321	
  0.279907	  0.082172	  0.124861	  0.513059	
  0.356385	  0.183649	  0.189025	  0.270941	

MOTIF YDL170W_486 

letter-probability matrix: alength= 4 w= 8 nsites= 20 E= 0
  0.619252	  0.038546	  0.076994	  0.265208	
  0.490266	  0.014604	  0.004864	  0.490266	
       NaN	       NaN	  0.000000	       NaN	
       NaN	  0.000000	       NaN	       NaN	
       NaN	       NaN	  0.000000	       NaN	
       NaN	       NaN	  0.000000	       NaN	
  0.496185	  0.006051	  0.001578	  0.496185	
  0.004324	  0.452835	  0.452835	  0.090005	

MOTIF YDL170W_651 

letter-probability matrix: alength= 4 w= 10 nsites= 20 E= 0
  0.400906	  0.000349	  0.197840	  0.400906	
  0.400906	  0.000349	  0.197840	  0.400906	
  0.400906	  0.197840	  0.000349	  0.400906	
  0.334788	  0.165212	  0.165212	  0.334788	
  0.334788	  0.165212	  0.165212	  0.334788	
  0.334788	  0.165212	  0.165212	  0.334788	
  0.334788	  0.165212	  0.165212	  0.334788	
  0.400906	  0.000349	  0.197840	  0.400906	
  0.400906	  0.197840	  0.000349	  0.400906	
  0.400906	  0.197840	  0.000349	  0.400906	

MOTIF YDR026C_696 

letter-probability matrix: alength= 4 w= 6 nsites= 20 E= 0
  0.000003	  0.353613	  0.353613	  0.292770	
  0.311973	  0.000001	  0.376053	  0.311973	
  0.311329	  0.000001	  0.376405	  0.312264	
  0.317745	  0.000001	  0.383012	  0.299241	
  0.311973	  0.376053	  0.000001	  0.311973	
  0.313261	  0.373476	  0.000001	  0.313261	

MOTIF YDR034C_133 

letter-probability matrix: alength= 4 w= 15 nsites= 20 E= 0
  0.000000	       NaN	  0.000000	  0.000000	
  0.000000	  0.000000	       NaN	  0.000000	
  0.000000	       NaN	       NaN	  0.000000	
  0.571291	  0.103713	  0.281922	  0.043075	
       NaN	  0.000000	       NaN	       NaN	
       NaN	  0.000000	       NaN	       NaN	
  0.000000	       NaN	  0.000000	  0.000000	
  0.651124	  0.043486	  0.065856	  0.239535	
       NaN	  0.000000	  0.000000	  0.000000	
       NaN	       NaN	  0.000000	       NaN	
       NaN	       NaN	  0.000000	       NaN	
  0.000000	  0.000000	       NaN	  0.000000	
  0.000000	       NaN	       NaN	       NaN	
  0.000000	       NaN	       NaN	  0.000000	
  0.000000	       NaN	       NaN	  0.000000	

MOTIF YDR034C_865 

letter-probability matrix: alength= 4 w= 20 nsites= 20 E= 0
  0.352723	  0.135263	  0.221264	  0.290751	
  0.288327	  0.260052	  0.184919	  0.266702	
  0.482214	  0.064359	  0.138826	  0.314601	
  0.624578	  0.082827	  0.123264	  0.169331	
  0.140548	  0.034936	  0.323067	  0.501448	
  0.140470	  0.189162	  0.130603	  0.539765	
  0.003651	  0.862071	  0.096302	  0.037977	
  0.000117	  0.952831	  0.035506	  0.011546	
  0.000047	  0.788248	  0.209088	  0.002617	
  0.091278	  0.346493	  0.562166	  0.000064	
  0.608559	  0.001535	  0.389867	  0.000040	
  0.306038	  0.000016	  0.012853	  0.681093	
  0.327131	  0.000029	  0.274715	  0.398124	
  0.428529	  0.147066	  0.000091	  0.424314	
  0.967827	  0.016212	  0.004929	  0.011032	
  0.345977	  0.400717	  0.045196	  0.208110	
  0.620694	  0.048708	  0.105250	  0.225348	
  0.398229	  0.325979	  0.072984	  0.202808	
  0.265303	  0.085282	  0.378677	  0.270738	
  0.415917	  0.096729	  0.396260	  0.091094	

MOTIF YDR043C_2148 

letter-probability matrix: alength= 4 w= 10 nsites= 20 E= 0
  0.252494	  0.218715	  0.052431	  0.476360	
  0.196821	  0.326324	  0.047900	  0.428955	
  0.101990	  0.401852	  0.260675	  0.235482	
  0.011095	  0.000012	  0.986309	  0.002584	
  0.637099	  0.000003	  0.090916	  0.271982	
  0.028824	  0.000052	  0.946882	  0.024242	
  0.754973	  0.063174	  0.161362	  0.020490	
  0.422599	  0.307872	  0.086497	  0.183032	
  0.279203	  0.248931	  0.176078	  0.295789	
  0.321733	  0.173125	  0.183410	  0.321733	

MOTIF YDR081C_1050 

letter-probability matrix: alength= 4 w= 11 nsites= 20 E= 0
  0.000000	       NaN	       NaN	  0.000000	
  0.000000	  0.000000	       NaN	  0.000000	
       NaN	       NaN	       NaN	  0.000000	
  0.000000	       NaN	       NaN	       NaN	
       NaN	       NaN	       NaN	  0.000000	
  0.000000	       NaN	       NaN	       NaN	
       NaN	       NaN	       NaN	  0.000000	
       NaN	       NaN	  0.000000	       NaN	
       NaN	       NaN	       NaN	  0.000000	
  0.000000	  0.000000	       NaN	       NaN	
  0.333445	  0.164549	  0.447291	  0.054714	

MOTIF YDR096W_562 

letter-probability matrix: alength= 4 w= 9 nsites= 20 E= 0
  0.260059	  0.261997	  0.243075	  0.234869	
  0.226291	  0.250363	  0.416157	  0.107189	
  0.086737	  0.124560	  0.741775	  0.046928	
  0.000000	       NaN	       NaN	       NaN	
  0.000000	       NaN	  0.000000	       NaN	
       NaN	       NaN	  0.000000	       NaN	
       NaN	       NaN	  0.000000	       NaN	
  0.000000	       NaN	  0.000000	       NaN	
  0.287546	  0.391191	  0.178071	  0.143191	

MOTIF YDR123C_713 

letter-probability matrix: alength= 4 w= 9 nsites= 20 E= 0
  0.060916	  0.348799	  0.584347	  0.005939	
  0.999749	  0.000098	  0.000145	  0.000008	
  0.499741	  0.000001	  0.000017	  0.500241	
  0.002651	  0.078401	  0.812269	  0.106680	
  0.002862	  0.000002	  0.996920	  0.000215	
  0.000004	  0.001313	  0.000048	  0.998635	
  0.000516	  0.999187	  0.000291	  0.000006	
  0.001716	  0.536010	  0.000001	  0.462272	
  0.724183	  0.006966	  0.096067	  0.172784	

MOTIF YDR146C_569 

letter-probability matrix: alength= 4 w= 8 nsites= 20 E= 0
  0.126655	  0.495510	  0.124845	  0.252989	
  0.010897	  0.019343	  0.320432	  0.649328	
       NaN	  0.000000	       NaN	       NaN	
       NaN	  0.000000	       NaN	       NaN	
  0.000000	       NaN	       NaN	       NaN	
       NaN	       NaN	  0.000000	       NaN	
       NaN	  0.000000	       NaN	       NaN	
  0.030277	  0.061506	  0.300097	  0.608120	

MOTIF YDR169C_2233 

letter-probability matrix: alength= 4 w= 10 nsites= 20 E= 0
  0.112358	  0.308656	  0.252207	  0.326779	
  0.087490	  0.386896	  0.311609	  0.214005	
  0.038244	  0.146400	  0.803297	  0.012059	
  0.116627	  0.493899	  0.375485	  0.013988	
  0.225883	  0.132538	  0.638684	  0.002895	
  0.137739	  0.836632	  0.024055	  0.001573	
  0.973844	  0.004054	  0.020996	  0.001106	
  0.993641	  0.000004	  0.005210	  0.001145	
  0.003076	  0.392215	  0.042524	  0.562185	
  0.326705	  0.114039	  0.170800	  0.388456	

MOTIF YDR174W_2249 

letter-probability matrix: alength= 4 w= 14 nsites= 20 E= 0
  0.926747	  0.016502	  0.027607	  0.029144	
       NaN	  0.000000	  0.000000	  0.000000	
  0.535874	  0.002544	  0.264444	  0.197137	
       NaN	  0.000000	  0.000000	  0.000000	
       NaN	  0.000000	  0.000000	  0.000000	
       NaN	  0.000000	  0.000000	  0.000000	
  0.000000	       NaN	       NaN	       NaN	
       NaN	  0.000000	  0.000000	       NaN	
  0.000000	       NaN	  0.000000	       NaN	
       NaN	  0.000000	  0.000000	       NaN	
  0.000000	  0.000000	  0.000000	       NaN	
       NaN	       NaN	  0.000000	       NaN	
  0.000000	       NaN	  0.000000	  0.000000	
  0.000000	       NaN	  0.000000	       NaN	

MOTIF YDR207C_2239 

letter-probability matrix: alength= 4 w= 10 nsites= 20 E= 0
  0.437212	  0.206617	  0.203658	  0.152513	
  0.081715	  0.496338	  0.299560	  0.122387	
  0.164686	  0.182305	  0.058320	  0.594689	
  0.166040	  0.004709	  0.017501	  0.811750	
  0.236917	  0.000003	  0.000818	  0.762263	
  0.392712	  0.035832	  0.000005	  0.571450	
  0.167229	  0.003166	  0.216957	  0.612647	
  0.728044	  0.038395	  0.082479	  0.151082	
  0.312342	  0.147607	  0.117181	  0.422870	
  0.194896	  0.292093	  0.225290	  0.287722	

MOTIF YDR213W_544 

letter-probability matrix: alength= 4 w= 7 nsites= 20 E= 0
  0.677875	  0.097591	  0.217034	  0.007500	
  0.428081	  0.000091	  0.209066	  0.362763	
       NaN	       NaN	  0.000000	       NaN	
       NaN	       NaN	       NaN	  0.000000	
  0.000472	  0.509416	  0.489160	  0.000952	
  0.258411	  0.023612	  0.700995	  0.016981	
  0.140375	  0.193716	  0.132279	  0.533630	

MOTIF YDR216W_576 

letter-probability matrix: alength= 4 w= 7 nsites= 20 E= 0
  0.470150	  0.437459	  0.020208	  0.072184	
  0.455553	  0.075549	  0.439870	  0.029029	
       NaN	       NaN	  0.000000	       NaN	
       NaN	       NaN	  0.000000	       NaN	
  0.000000	       NaN	  0.000000	       NaN	
  0.450831	  0.177262	  0.000012	  0.371894	
  0.344596	  0.362947	  0.149495	  0.142962	

MOTIF YDR253C_2140 

letter-probability matrix: alength= 4 w= 10 nsites= 20 E= 0
  0.153419	  0.293840	  0.125442	  0.427299	
  0.441097	  0.101329	  0.122232	  0.335343	
  0.513131	  0.189753	  0.239022	  0.058094	
  0.022058	  0.849244	  0.000476	  0.128222	
  0.430532	  0.209417	  0.332283	  0.027768	
  0.998310	  0.000470	  0.000001	  0.001218	
  0.005050	  0.992513	  0.000017	  0.002419	
  0.274731	  0.009957	  0.388654	  0.326658	
  0.377583	  0.436467	  0.035976	  0.149975	
  0.575316	  0.076386	  0.150485	  0.197813	

MOTIF YDR259C_599 

letter-probability matrix: alength= 4 w= 8 nsites= 20 E= 0
  0.217233	  0.608484	  0.135500	  0.038783	
  0.220747	  0.432256	  0.332294	  0.014703	
  0.000771	  0.309087	  0.063347	  0.626796	
  0.000000	  0.000000	  1.000000	  0.000000	
  0.000000	  0.000000	  0.000000	  1.000000	
  0.000000	  0.000000	  1.000000	  0.000000	
  0.000000	  0.330483	  0.000000	  0.669517	
  0.021915	  0.086764	  0.699379	  0.191942	

MOTIF YDR266C_1161 

letter-probability matrix: alength= 4 w= 9 nsites= 20 E= 0
  0.000000	       NaN	  0.000000	  0.000000	
       NaN	  0.000000	       NaN	       NaN	
  0.000000	       NaN	  0.000000	       NaN	
  0.000000	       NaN	       NaN	       NaN	
  0.000000	       NaN	       NaN	  0.000000	
       NaN	  0.000000	       NaN	       NaN	
  0.000000	  0.000000	       NaN	       NaN	
  0.000000	       NaN	       NaN	  0.000000	
  0.000000	       NaN	       NaN	  0.000000	

MOTIF YDR303C_580 

letter-probability matrix: alength= 4 w= 7 nsites= 20 E= 0
  0.983996	  0.000058	  0.003771	  0.012174	
  0.401037	  0.197905	  0.000021	  0.401037	
  0.401037	  0.000021	  0.197905	  0.401037	
  0.401037	  0.197905	  0.000021	  0.401037	
  0.756305	  0.017143	  0.082879	  0.143672	
  0.335453	  0.085010	  0.064718	  0.514819	
  0.322565	  0.129295	  0.089015	  0.459125	

MOTIF YDR310C_383 

letter-probability matrix: alength= 4 w= 11 nsites= 20 E= 0
  0.179587	  0.305210	  0.027033	  0.488169	
  0.409932	  0.028963	  0.519053	  0.042052	
  0.349222	  0.305706	  0.003946	  0.341125	
  0.038402	  0.294609	  0.634906	  0.032083	
  0.331919	  0.001118	  0.423991	  0.242972	
  0.002755	  0.578134	  0.031828	  0.387284	
  0.285446	  0.008695	  0.008612	  0.697246	
  0.060378	  0.180432	  0.676736	  0.082454	
  0.019996	  0.375163	  0.167336	  0.437505	
  0.016043	  0.230898	  0.439586	  0.313472	
  0.076230	  0.357764	  0.428567	  0.137439	

MOTIF YDR310C_478 

letter-probability matrix: alength= 4 w= 9 nsites= 20 E= 0
  0.057675	  0.321104	  0.205266	  0.415955	
  0.024774	  0.451400	  0.451400	  0.072426	
  0.000000	       NaN	       NaN	  0.000000	
  0.000000	       NaN	       NaN	  0.000000	
  0.000000	       NaN	       NaN	       NaN	
       NaN	       NaN	       NaN	  0.000000	
  0.016602	  0.488210	  0.488210	  0.006978	
  0.113777	  0.414874	  0.414874	  0.056475	
  0.312459	  0.295977	  0.295977	  0.095588	

MOTIF YDR421W_1509 

letter-probability matrix: alength= 4 w= 13 nsites= 20 E= 0
  0.456862	  0.004165	  0.192591	  0.346381	
  0.143991	  0.202724	  0.002913	  0.650372	
  0.871503	  0.072217	  0.001811	  0.054469	
  0.265373	  0.148232	  0.471456	  0.114939	
  0.118930	  0.167913	  0.593764	  0.119392	
  0.059962	  0.230835	  0.169075	  0.540128	
  0.386584	  0.296075	  0.205583	  0.111759	
  0.747861	  0.050159	  0.118326	  0.083654	
  0.294122	  0.184175	  0.170355	  0.351349	
  0.091629	  0.838857	  0.046477	  0.023038	
  0.273692	  0.002357	  0.245765	  0.478186	
  0.793796	  0.030957	  0.003083	  0.172164	
  0.145025	  0.087722	  0.002258	  0.764995	

MOTIF YDR421W_2115 

letter-probability matrix: alength= 4 w= 10 nsites= 20 E= 0
  0.393563	  0.143453	  0.141398	  0.321586	
  0.380239	  0.111627	  0.210597	  0.297538	
  0.462684	  0.203438	  0.209393	  0.124486	
  0.058072	  0.000007	  0.015190	  0.926731	
  0.575087	  0.000136	  0.000004	  0.424773	
  0.495560	  0.008857	  0.000023	  0.495560	
  0.415458	  0.127361	  0.127361	  0.329821	
  0.090254	  0.410802	  0.307837	  0.191107	
  0.204989	  0.251034	  0.236957	  0.307020	
  0.327397	  0.178733	  0.171162	  0.322708	

MOTIF YDR421W_725 

letter-probability matrix: alength= 4 w= 26 nsites= 20 E= 0
       NaN	  0.000000	       NaN	       NaN	
       NaN	       NaN	  0.000000	       NaN	
       NaN	       NaN	  0.000000	       NaN	
       NaN	  0.000000	       NaN	  0.000000	
  0.000000	       NaN	       NaN	  0.000000	
  0.000000	       NaN	       NaN	       NaN	
  0.334788	  0.165212	  0.165212	  0.334788	
  0.334788	  0.165212	  0.165212	  0.334788	
  0.334788	  0.165212	  0.165212	  0.334788	
  0.334788	  0.165212	  0.165212	  0.334788	
       NaN	  0.000000	       NaN	       NaN	
       NaN	       NaN	  0.000000	       NaN	
       NaN	       NaN	  0.000000	       NaN	
       NaN	  0.000000	       NaN	  0.000000	
